$ANSIBLE_VAULT;1.1;AES256
36396530333965653765636133666235343734636661623230363162333731383133356634353235
6630343062653939323138393737656134373437303033330a326133333636376136396537636234
61343930366436633366363935366633303865646132383266643531373766613235633561366234
3438656431663936300a623664353133656266366330393765643039646466353063383636623165
38616562396234626236306137613437333161646239316662666535343866636663393264376364
37333761383238336561306339393037633539346433353863623165333133343064623363633335
34353834313734373662663739613333666563623364656533663139633936353138663933636632
61666632646333616164346239386235613235636662653037313935643831353831626336353830
64623132656439643865316664396133643231323738643033303839656438656135366337396639
64346137386666663130643239643662383731663333626431656433336661636361353366383032
35393661326366313165643933633036633939356163316365333965323033666133633331336338
32383639303963343735663638393063616236306636653533653464356331623862373834326666
39353865653635623635363938366238323161346433356562336330656132653562343431613635
33356262656564396535643366626436653566336436633064333137373433393063663763356239
35623064616131373364336566653137353530636162356164623162393635643063323933373932
33663834313766343130303235383830343666316330393037656231313266323732636334666239
61623265353137663834323633633133366537623236306331653462656161623938653265646161
30353834306335636338643232396662653530376663616463323566636134663136303732303433
65646236313239326530373061383336633361313831316234633236663938383231363930396539
63333766306331306366323732646363376163643538323535623038396334393437613434393665
66373930303763653263646361343861303765626366306335343162323337636663396230666433
36666164303331616538343334306137373636346538653939313930386137306331393263333035
37333530633337376361383836303732656461346138386637396239366239636438383630363365
39633234316131623961653630363533333939363034346364643035393632353765663030616433
62393436616438646430623930353433376436613635363564333663656532666638666630373738
30346239633830303238343032316163353637643130326234336437656563643837393732626532
38313361643862393962343761353362366265363537336435336232346131323562366366303631
66643534333965373234303362396362663034316533653732646463386562393566633334633263
63613336306234306130383331393237363735646432643936636432343434363438336438656564
34343065613134326435666438353361363164393266393666383064653633356537396363396438
34393463353061383137303934323763643336356439616538346436393235336164356562646664
65646438636565633463303935633636656261653366393832656364323461333835333835656633
32386638373465373730336435376334653931363765363132643937373265653961636333356430
37313965386262653739336263626265666235613333643364313266303839386161623564666634
64653132303434616532366563643366363264366462656666336333373266643738633363643233
64643065376431356334356234306466646238353334343062333435616164656338373135623564
36653565343433333638393030616538643238633435366634333638613839313261633066636634
35663434383038613138636133343439393438383935653364626230353665616338343061623062
32396164313537323563326335663039623939653436326136623937303236316333343438373837
34616634353638353930353035636636643735363862343534346463353135333336666434326330
32393062353139663334613331306331343934313536396666306163373831346339663166363964
34643365623261393537393636386433303333306335303163643264346533343463366138326639
34363862323366373538663166373563343165613235336361656138653736346433343534646438
32343938313638666330616339333034313361636635616665376138633035613032353736393666
65656365313637343232356261333865303631386235646437646463303430326165633363303536
63636233356433356238323738303963613535376334623232373664353731316536666631386465
64323165623931313864386636616539373033636635373737626230336636386533346330336665
39623536633931333062313139323361633430316566646662636430643261643463353562343238
64386366353137643930646139316230663534313831316266353831623662333532373163353062
36346333363133633730336235353530343766343131306564626362373330646633333938393836
30326536623930343034646534366364613935396263653965326330653838376134633065626330
32643438343935313063623733656435373331663830306235393738313331633030306238623831
37313561353830316362626561636165363638653365663135643038306337303031663137656364
32396131373839366335396137366133623963613737376564353738323137376635303932616364
65333165636338346562326561303963363131373464623337343534396664383735643032623665
33346565386334656463306630646135386638316438383530613138323464363464336465653730
39636661656536623037323331333961623133656531633861626666636366663634323261316264
32393735323836363432636133663531306637666533336164313232636336613361656262613063
63653630643566643865653864366365623865666363383466653933356430643037303065666137
62303935353138303435376332333761666264346431646535666363386536316564386262353539
34323766373261663363333934616331333963383834626532636635616233393365623535383962
35653635646538353764363663373437653663616531373936313265393664333939313739383539
62353662353338363234636535323434323435643137336139343261336263323032353763346664
39363133643466613561623462656431633238626630646265656363643365313032366435373537
30336431336632386432653534306263386530366130336632653339636231306434366237356233
61343431323031386637656630313937393934643539633934383837343236623639333936643730
31303933386436336230663637393338376562333363323037303632363563346539316361356537
32313532623065656561646538633039373338653930353130376165316430363763336261373339
30613962336561643666343562316634666437343964356438613662343435623733646163363535
36636262616461376534313866386131313439333162353033643866343965353065356164626163
63363066663962373464653630663133353062336364303666303638656265393930353737386562
61336363323061343934316534366538633761663936326331313430653566353332306438386331
34383464393237643338666131336661396239666239336261396236633036656231303431303930
35376234383231336235366364636139663236363137323837663966363538656363386536343664
34376362353532346639313762633235616131333739353732663734636639306466343135613633
63613732356661643064366230376661626365316332303836316464666137313964376361336633
30646439383330363932653238653430353930616531333661643064623932383864346530666637
39333235343061343266653562363863316664393363376237383534323530616266373838356334
36623763646533306135616661653531333738633734333164356365363861656535633031643961
61663639663261653465623764646635386361633466316530336135333636623939326437653166
32623365623139323431363161376333333939363763323262316165663863313132613134646663
32303237643030393165343939306437633937356663653633313333393831396134346132643538
65306433663538646233353063313464623634666266316337653530363436393633646330623939
65383462616263616638653361353332633035306339646630663230653866363037636534626661
33363035383732346230626562376336313664346362333230616633626265346562333230376536
32613532393135613534336366343636303136346333623335636466623064336335323161656631
32616265376462326439393165663736336639303162616338383365666233386336333433343434
36323533643461313739626537306333303835336363316132663634383563363733633038626330
63616434303730653335646161616536616434356438616138623636333534623064633233363265
31346136343533656138653231373236313761663931633232366634643062373264356332653030
30353366366438326463643235386637633836303762383034386264316136353062333761383533
31376638356133643864316234653739336630643564613038306231346531363635643334653532
36356337633663383935323135663030323865366331363033313433633865323839313262653362
65343264326338386637633430393837303565626666396537626332623834343965636138343861
36313735613861333365366534386334303535366431626136333435643634643935323064383763
31663938373035373335646231363530373338333535656364396136393339363933323866373336
36326331393737316365323734616261346638323130393837336533393836303533333662333931
64356466633463383264323335313836313262656331643064666235626130386137646164366564
61383034333936393064323762666261346363666437613464316338393566303964626534636366
65363961393039356338343435346139323338383862666439623932623331313232306434636437
63643930633637316233646535613437663633383238306330633539646238633861386235396462
37643233353433353339383066333134333036333235306166383036653463356235613964346539
38373638366561643032306164336130616566656231343635326131326437626439646436383832
32346461353861643038323431303032323531633865346266616336353533376363653864326466
63393532353433616365353430646364326562343362303235646661326462623930613236653132
39363763323639326538386335383536316538336430666665383535666633343339373861323632
65383565653861353263383833343837356531623236343265333964656636653630633066356538
39626234613264363164316234303961353062633431636362376338303931636435633930633032
31666564383034623733636539636363313634643265363262633461356236643734376530313238
64653331643438396465653062613937326538633934363735653066616535323964336437616131
62353962323462316338363136376465386331306233313531623361346662313339646136333734
34333564633031643233376431393935393161353164373135346663613535313032626566326430
66323564393366383035663030336137633861373637636632613366306639666265626162376661
32383562616266333039313765633431313634393436343661616630356336386263313765643833
62623766393463366237393265303262306163373965666664383836613564633766356566333332
37666330303130373165303935623438343635623536316136373863656335353765346233616539
38393434356334336464376536323764666335383938666461333437653462303563336632393339
35666563316563653836633830393932653562376436383266613463633735363965366364363738
39643933363838313365383732393938306439316434656230383135326461383364323062396334
62336237383630623931356232333432356138376634643132353361383138653161663061653364
64373362663538316430613730303538636237353033616633386234333838373835323361323764
34666633386631363661383331343465393934333561383435636363383534663364373662653936
62333831333835336338353730643439636332333830646332386439323035323564346362396463
32633962623764343839396233613531643437393561363538333162396366303965323633383139
35633435353935663663376161613962653962316339303538306430616132613839663465363138
61636162343865313466303637393235623430373939666161623433646437346134636565383362
38353538656534373832633466343939343035616634336462313637393263353631336134396634
61373364326331653761313636323839626134343965396338373166663331323965373831336235
64663537313136633163343662303334303631666131363331343365646237343466653237336432
37656639343563386333313262656231373839666533336162393262653038303437623866623933
62373139393431643735316430303966363236666239353338646564346361363761643930303137
36333036336433616334306437653162316366363261356366306338373265663235626164363037
63313036386531396435333333343666633561333639613230633235333931326236386439336631
30373866353763643366393261643537333566323336326666383463636561363734663838623139
61356264353566336530393361306166663839636363363731303263663936316664656665336237
61623366343835646634396435306138396630326462633839336563306330323832303766393730
34343335313934343764333638663965636132613765623233333232663030663865313731386130
33646563373838316533313566393937613836643236393933356664643630636563393330313533
33626662373333353162663239643236666465346536336562316662643764363534623232386332
33373663353336393536613934336563343838323464363635366465306530393966633261313330
37613036643065656331336439373965636265363535396131623466343734656134313137633139
30316463346232373836316234346536396264343236656662396635303961346137303163313666
38366335303836386162313830343739316163626136636161366165643637626431346462633666
37323864613466353336313361356135653562393834353231666434366532663264316265653135
30643539303633636430656165303830343634343362666662623833306232306662316665373861
31383833323731656662663064326135643565393565613435333233303465623633316162336164
66653230666535663830363034646131643139656130323134613561393131353737366436323631
37666237383437653866376366363762366431346638393963623161316466626265373934396235
63633162643030383562363565366465306235613165356131363261623637346534383763303463
62636232636239313232353032386563353564353930386130336230353362636438616564383566
63363338653864376664623238326565376536323863396132643732393430323736656466376436
62653733633931626137653364363931323432313035616238643362383931633038393339626162
63393038396636343663346535623831396335386665643065643335356131343232353536666331
32666365346636616532353362363665363336346164646461376233333838303134623539653330
62313732653763326136613633373135333934646532666534373636313338613163626136656535
64626136346538626239633666613362373963343931333631393261303064383139396433313434
62623630373464626130346237613436323761306135353033323162656636366334373538383533
33666134336435616134363036646538363736313661643766303966653832656633396134336161
62633237336638633730366262326661666265383864356266333035313236363139396330373263
66663234636132646266323032646165393830613566363262333062356366306634316362306164
64633433666561613763316636653564366164306561616433626536666436336430666564346162
66393034353037353838343736643137616134613062303531303335643665393562353761343166
62366663353062316562623039616437363536373331323734623734666337633431396361393431
33356265623333626539346164336463323932666231656430396537636433613132323334326338
35326138613030306163343366386564616430333834636364326436303338646636316430343736
3732393264656638323466626332356265326433313164373935
