$ANSIBLE_VAULT;1.1;AES256
38306163616636373139323436633634346664316363316530656130373733336231643261643530
3363373966643234393766623765326166363439313838630a663836373738313766343964313664
32623232653364336436303339306634373238616136643964393330633438613736623438653463
6230623465393237330a316130633139373665303661343734396561356531313465626238356232
37616264303739396131613363356261393862326563356139643438306564346339323031373161
34653534633133643737616331323561653065396531346262643966373962643562303438366437
35356365336632353432353131653362383536303361366233346262656234373731333364346537
31353036363637346465316234346264396438396638346163396130616664323635323533313436
63366362303335666361323231363835376635373136366139323030623436393034323530313835
36623232613539633764313431306638326433663031663437303366616262393262313061383737
31633263376536616232663963343036303961323335393763623665613232313431643864383035
62653332376633376433613463383931316336626166663962613636313438313031626231656436
38306566636565336235373234633433363434646134356566633639393132346534396635396365
32623066343765656163663837353835326661353161373435353137393237623231653430616131
38306332353963373037336532393938396664326234316561653262303535636639323630363866
33313965303963343261346132393132666134306538346430373764333831613234646132386632
6263
