$ANSIBLE_VAULT;1.1;AES256
37393162643532656464636533653230663466386637643537396130306239666331643738373864
3332626366656130653637616362666536393966633732650a623537313631643130313765333931
34373935396530616438356465623838613135383230306165623236353534616136363031633934
6463626430373935350a303531353934393764306630613437646366373531323234663734346430
39653839333432393964636333356361306537356139363030343131636238393864626661373632
38333962313839333030323466663831393731353935356439373864373763386233376163653762
61343534666164333932663263643139323863376336613639303136323134303637356234326663
36336536303937333666373630653438346438636533376634623530663337613533333061373238
36653130363630323436393035393365643166646366323031336530663561663865353865303332
62613738376533336466636563363661346237366362343661623965633236343633323261616265
663362313234353838326361316533616265
